$MeshFormat
2.2 0 8
$EndMeshFormat
$PhysicalNames
3
1 1 "encastrement"
1 2 "force"
2 3 "domaine"
$EndPhysicalNames
$ParametricNodes
203
1 0 0 0 0 1
2 2 0 0 0 2
3 2 1 0 0 3
4 1 1 0 0 4
5 1 2 0 0 5
6 0 2 0 0 6
7 0.1428571428568587 0 0 1 1 0.07142857142842936
8 0.2857142857137332 0 0 1 1 0.1428571428568666
9 0.428571428570459 0 0 1 1 0.2142857142852295
10 0.5714285714271847 0 0 1 1 0.2857142857135924
11 0.7142857142839105 0 0 1 1 0.3571428571419553
12 0.8571428571406363 0 0 1 1 0.4285714285703182
13 0.9999999999973839 0 0 1 1 0.4999999999986919
14 1.142857142854881 0 0 1 1 0.5714285714274404
15 1.2857142857124 0 0 1 1 0.6428571428562001
16 1.42857142856992 0 0 1 1 0.71428571428496
17 1.57142857142744 0 0 1 1 0.78571428571372
18 1.71428571428496 0 0 1 1 0.8571428571424801
19 1.85714285714248 0 0 1 1 0.92857142857124
20 2 0.1428571428568666 0 1 2 0.1428571428568666
21 2 0.2857142857135924 0 1 2 0.2857142857135924
22 2 0.4285714285703182 0 1 2 0.4285714285703182
23 2 0.5714285714274404 0 1 2 0.5714285714274404
24 2 0.71428571428496 0 1 2 0.71428571428496
25 2 0.8571428571424801 0 1 2 0.8571428571424801
26 1.857142857142858 1 0 1 3 0.1428571428571424
27 1.714285714285715 1 0 1 3 0.2857142857142848
28 1.571428571428573 1 0 1 3 0.4285714285714272
29 1.428571428571431 1 0 1 3 0.5714285714285695
30 1.285714285714287 1 0 1 3 0.7142857142857127
31 1.142857142857144 1 0 1 3 0.8571428571428564
32 1 1.142857142857142 0 1 4 0.1428571428571424
33 1 1.285714285714285 0 1 4 0.2857142857142848
34 1 1.428571428571427 0 1 4 0.4285714285714272
35 1 1.571428571428569 0 1 4 0.5714285714285695
36 1 1.714285714285713 0 1 4 0.7142857142857127
37 1 1.857142857142856 0 1 4 0.8571428571428564
38 0.8571428571424611 2 0 1 5 0.1428571428575389
39 0.7142857142863099 2 0 1 5 0.2857142857136901
40 0.5714285714301588 2 0 1 5 0.4285714285698412
41 0.4285714285732146 2 0 1 5 0.5714285714267854
42 0.2857142857154765 2 0 1 5 0.7142857142845235
43 0.1428571428577383 2 0 1 5 0.8571428571422617
44 0 1.857142857142263 0 1 6 0.0714285714288686
45 0 1.714285714284922 0 1 6 0.1428571428575389
46 0 1.571428571428771 0 1 6 0.2142857142856144
47 0 1.42857142857262 0 1 6 0.2857142857136901
48 0 1.285714285716469 0 1 6 0.3571428571417656
49 0 1.142857142860318 0 1 6 0.4285714285698412
50 0 1.000000000004123 0 1 6 0.4999999999979384
51 0 0.8571428571464292 0 1 6 0.5714285714267854
52 0 0.7142857142886916 0 1 6 0.6428571428556542
53 0 0.571428571430953 0 1 6 0.7142857142845235
54 0 0.4285714285732147 0 1 6 0.7857142857133926
55 0 0.2857142857154766 0 1 6 0.8571428571422617
56 0 0.1428571428577381 0 1 6 0.928571428571131
57 0.6552465221002614 0.1280423035652464 0 2 1 0.1280423035652464 0.6552465221002614
58 0.1287618696952909 0.642883920740654 0 2 1 0.642883920740654 0.1287618696952909
59 0.1271064791767788 1.3571428571438 0 2 1 1.3571428571438 0.1271064791767788
60 1.068125673990395 0.1069470901993054 0 2 1 0.1069470901993054 1.068125673990395
61 1.497549379121142 0.8719485907588046 0 2 1 0.8719485907588046 1.497549379121142
62 0.8762820851736433 1.071428571428504 0 2 1 1.071428571428504 0.8762820851736433
63 0.8761385284994232 0.9288200760250797 0 2 1 0.9288200760250797 0.8761385284994232
64 0.8762820851734507 1.499999999999743 0 2 1 1.499999999999743 0.8762820851734507
65 0.7525402442350611 1.000041441242234 0 2 1 1.000041441242234 0.7525402442350611
66 0.7525362565497016 0.8571912052589543 0 2 1 0.8571912052589543 0.7525362565497016
67 1.498177299306332 0.1265427876300212 0 2 1 0.1265427876300212 1.498177299306332
68 0.874243787932382 0.786012432429685 0 2 1 0.786012432429685 0.874243787932382
69 0.5013145712891978 1.873065282754189 0 2 1 1.873065282754189 0.5013145712891978
70 1.874026601107348 0.4992753193114592 0 2 1 0.4992753193114592 1.874026601107348
71 0.6288376155361465 0.9285863934645848 0 2 1 0.9285863934645848 0.6288376155361465
72 0.6288401632241216 0.785724837882643 0 2 1 0.785724837882643 0.6288401632241216
73 0.6288408278379287 1.071437972450989 0 2 1 1.071437972450989 0.6288408278379287
74 1.226365740440972 0.8697660835850112 0 2 1 0.8697660835850112 1.226365740440972
75 0.1270478561798065 0.3569703815363232 0 2 1 0.3569703815363232 0.1270478561798065
76 0.1271398115694473 1.071428571430964 0 2 1 1.071428571430964 0.1271398115694473
77 0.1279011288657844 1.641813457452014 0 2 1 1.641813457452014 0.1279011288657844
78 0.5051258853145331 0.8571471099866264 0 2 1 0.8571471099866264 0.5051258853145331
79 0.5051269160820724 0.7142881817879171 0 2 1 0.7142881817879171 0.5051269160820724
80 0.6288450027029349 0.6428593128024434 0 2 1 0.6428593128024434 0.6288450027029349
81 0.5051282245354912 0.5714287726231371 0 2 1 0.5714287726231371 0.5051282245354912
82 0.6288460273583205 0.5000003951902932 0 2 1 0.5000003951902932 0.6288460273583205
83 0.5051282833079874 0.42857152796919 0 2 1 0.42857152796919 0.5051282833079874
84 0.3486481402692444 0.1274590907025307 0 2 1 0.1274590907025307 0.3486481402692444
85 0.7725963401346831 1.870614678936664 0 2 1 1.870614678936664 0.7725963401346831
86 1.771079991724291 0.1287341333535285 0 2 1 0.1287341333535285 1.771079991724291
87 1.87434361581749 0.7801892664868002 0 2 1 0.7801892664868002 1.87434361581749
88 0.3813450654547317 0.5000000500989068 0 2 1 0.5000000500989068 0.3813450654547317
89 0.3814097792031023 0.7857154057721185 0 2 1 0.7857154057721185 0.3814097792031023
90 0.3814099088609053 0.9285723240551708 0 2 1 0.9285723240551708 0.3814099088609053
91 0.7525639235173065 0.5714289989514456 0 2 1 0.5714289989514456 0.7525639235173065
92 0.7525640911820082 0.4285715656906917 0 2 1 0.4285715656906917 0.7525640911820082
93 0.8762820308411353 0.5000000941073981 0 2 1 0.5000000941073981 0.8762820308411353
94 0.8762820629240942 0.3571428956811223 0 2 1 0.3571428956811223 0.8762820629240942
95 0.999999987236297 0.4285714506794734 0 2 1 0.4285714506794734 0.999999987236297
96 0.9999999999999389 0.5714285714291014 0 2 1 0.5714285714291014 0.9999999999999389
97 1.124395315281424 0.49882670799527 0 2 1 0.49882670799527 1.124395315281424
98 1.125559459753166 0.3599414165552405 0 2 1 0.3599414165552405 1.125559459753166
99 1.247855653882995 0.4288423064731842 0 2 1 0.4288423064731842 1.247855653882995
100 1.248296103015939 0.5701048733886241 0 2 1 0.5701048733886241 1.248296103015939
101 1.371367094077959 0.4998245299775006 0 2 1 0.4998245299775006 1.371367094077959
102 1.247435829652707 0.2857142857149598 0 2 1 0.2857142857149598 1.247435829652707
103 1.371332681639311 0.6426072815139638 0 2 1 0.6426072815139638 1.371332681639311
104 1.494937040431921 0.5713576828682212 0 2 1 0.5713576828682212 1.494937040431921
105 1.494918114426361 0.4285303688081355 0 2 1 0.4285303688081355 1.494918114426361
106 0.2559638158615156 0.8571699709487688 0 2 1 0.8571699709487688 0.2559638158615156
107 1.620252225416419 0.4999813419466759 0 2 1 0.4999813419466759 1.620252225416419
108 1.618877579533583 0.6428422184222219 0 2 1 0.6428422184222219 1.618877579533583
109 1.620518437109514 0.3571329041739232 0 2 1 0.3571329041739232 1.620518437109514
110 0.2350476358266702 1.869615039062668 0 2 1 1.869615039062668 0.2350476358266702
111 0.3836583299719478 0.3610552506689308 0 2 1 0.3610552506689308 0.3836583299719478
112 0.5045146619312568 0.2912326295605506 0 2 1 0.2912326295605506 0.5045146619312568
113 0.7403459562065106 0.2634295653167879 0 2 1 0.2634295653167879 0.7403459562065106
114 0.8854763752144842 0.218612392077816 0 2 1 0.218612392077816 0.8854763752144842
115 1.242430868812868 0.7124151298795267 0 2 1 0.7124151298795267 1.242430868812868
116 1.494871659305474 0.2857142857149628 0 2 1 0.2857142857149628 1.494871659305474
117 1.364948864410402 0.7858877766450723 0 2 1 0.7858877766450723 1.364948864410402
118 1.113347319196224 0.7780245476227245 0 2 1 0.7780245476227245 1.113347319196224
119 1.628302003210043 0.2134084377622314 0 2 1 0.2134084377622314 1.628302003210043
120 1.754692879173057 0.2818365092808881 0 2 1 0.2818365092808881 1.754692879173057
121 1.363844517361366 0.2112029846053082 0 2 1 0.2112029846053082 1.363844517361366
122 0.2561997432478853 1.000004668215345 0 2 1 1.000004668215345 0.2561997432478853
123 0.3811615450681027 1.071429498711627 0 2 1 1.071429498711627 0.3811615450681027
124 0.2561976705148341 1.142858075440296 0 2 1 1.142858075440296 0.2561976705148341
125 0.3811198056471065 1.214286024262876 0 2 1 1.214286024262876 0.3811198056471065
126 0.2561194816001564 1.285714492807319 0 2 1 1.285714492807319 0.2561194816001564
127 0.3810344861009468 1.357142943320317 0 2 1 1.357142943320317 0.3810344861009468
128 0.5050172473628675 1.285714351739463 0 2 1 1.285714351739463 0.5050172473628675
129 0.5050471685112106 1.428571453937459 0 2 1 1.428571453937459 0.5050471685112106
130 0.3813735878802634 1.500000004837712 0 2 1 1.500000004837712 0.3813735878802634
131 0.5051086723325062 1.571428576461169 0 2 1 1.571428576461169 0.5051086723325062
132 0.6288142112681829 1.357142872374267 0 2 1 1.357142872374267 0.6288142112681829
133 0.3807783783640056 1.64392353646891 0 2 1 1.64392353646891 0.3807783783640056
134 0.5039670559058698 1.718059688421803 0 2 1 1.718059688421803 0.5039670559058698
135 0.6286494299953044 1.643486139384007 0 2 1 1.643486139384007 0.6286494299953044
136 0.6322833004498949 1.786848767777744 0 2 1 1.786848767777744 0.6322833004498949
137 0.7571170010101006 1.715657357071491 0 2 1 1.715657357071491 0.7571170010101006
138 0.3742963262067281 1.788780439724702 0 2 1 1.788780439724702 0.3742963262067281
139 0.2492315500573792 1.715711647696855 0 2 1 1.715711647696855 0.2492315500573792
140 0.2548071019116169 0.7143216607925367 0 2 1 0.7143216607925367 0.2548071019116169
141 1.743992516634163 0.5713640932680516 0 2 1 0.5713640932680516 1.743992516634163
142 1.744022696476576 0.7133516439824812 0 2 1 0.7133516439824812 1.744022696476576
143 0.2567710451737249 0.4291947565749286 0 2 1 0.4291947565749286 0.2567710451737249
144 0.2669337969690177 0.2631798891851587 0 2 1 0.2631798891851587 0.2669337969690177
145 0.1239810412630152 0.2119300246501544 0 2 1 0.2119300246501544 0.1239810412630152
146 1.618589574131587 0.7857142857153904 0 2 1 0.7857142857153904 1.618589574131587
147 1.76257597876958 0.8680235306821698 0 2 1 0.8680235306821698 1.76257597876958
148 0.255789188102165 1.571601029339298 0 2 1 1.571601029339298 0.255789188102165
149 0.1290352781544679 0.9285943392053784 0 2 1 0.9285943392053784 0.1290352781544679
150 0.1283135488589547 0.5000796050474809 0 2 1 0.5000796050474809 0.1283135488589547
151 0.129606438730536 1.499896282441453 0 2 1 1.499896282441453 0.129606438730536
152 1.869446577877125 0.6422407952062108 0 2 1 0.6422407952062108 1.869446577877125
153 1.752171560418393 0.4285714285723432 0 2 1 0.4285714285723432 1.752171560418393
154 1.875703013647465 0.3541916643361435 0 2 1 0.3541916643361435 1.875703013647465
155 0.1277605738102028 1.214285904233194 0 2 1 1.214285904233194 0.1277605738102028
156 0.1269236836416188 0.7857736131357645 0 2 1 0.7857736131357645 0.1269236836416188
157 0.2551716102651411 1.428582934981649 0 2 1 1.428582934981649 0.2551716102651411
158 0.2552348428271797 0.5715561893519814 0 2 1 0.5715561893519814 0.2552348428271797
159 0.5050840205519727 1.000005073587646 0 2 1 1.000005073587646 0.5050840205519727
160 1.228458586201259 0.13207149682513 0 2 1 0.13207149682513 1.228458586201259
161 0.7525592780478989 1.142865616567692 0 2 1 1.142865616567692 0.7525592780478989
162 0.8762812697903662 1.214287126570694 0 2 1 1.214287126570694 0.8762812697903662
163 0.8762819492763813 1.357143092523573 0 2 1 1.357143092523573 0.8762819492763813
164 0.7525588069885792 1.428571470339532 0 2 1 1.428571470339532 0.7525588069885792
165 0.7525569618152709 1.285715982110134 0 2 1 1.285715982110134 0.7525569618152709
166 0.628846255521335 0.357142857143411 0 2 1 0.357142857143411 0.628846255521335
167 1.494372519877991 0.716726305987279 0 2 1 0.716726305987279 1.494372519877991
168 0.5025520610122651 0.1462346072263018 0 2 1 0.1462346072263018 0.5025520610122651
169 0.7522185365167046 0.7143456550304583 0 2 1 0.7143456550304583 0.7522185365167046
170 1.001726273894283 0.2967691572413402 0 2 1 0.2967691572413402 1.001726273894283
171 1.370048811451144 0.3566381268823418 0 2 1 0.3566381268823418 1.370048811451144
172 0.8740185509794892 0.642916911039042 0 2 1 0.642916911039042 0.8740185509794892
173 0.3805086550023657 0.6428850434044329 0 2 1 0.6428850434044329 0.3805086550023657
174 0.6287904099069654 1.500104847320644 0 2 1 1.500104847320644 0.6287904099069654
175 0.8766550819046677 1.642612722091129 0 2 1 1.642612722091129 0.8766550819046677
176 0.5050116169980325 1.142859772506275 0 2 1 1.142859772506275 0.5050116169980325
177 0.6288000238883634 1.214289427958136 0 2 1 1.214289427958136 0.6288000238883634
178 0.7533421358298447 1.571738756034424 0 2 1 1.571738756034424 0.7533421358298447
179 0.9928264076986673 0.8504126341343464 0 2 1 0.8504126341343464 0.9928264076986673
180 0.7916631040981006 0.1189188174962865 0 2 1 0.1189188174962865 0.7916631040981006
181 0.1196733200386822 1.77870884204622 0 2 1 1.77870884204622 0.1196733200386822
182 0.8826873533524067 1.781504269481371 0 2 1 1.781504269481371 0.8826873533524067
183 1.119545438895977 0.6408475907669019 0 2 1 0.6408475907669019 1.119545438895977
184 1.882909218125688 0.2162257185552543 0 2 1 0.2162257185552543 1.882909218125688
185 0.9937034249606431 0.7123724287748328 0 2 1 0.7123724287748328 0.9937034249606431
186 0.2157759963783038 0.1177653731421215 0 2 1 0.1177653731421215 0.2157759963783038
187 1.116913249655207 0.2289215133222303 0 2 1 0.2289215133222303 1.116913249655207
188 0.9285714285690101 0.101617837914899 0 2 1 0.101617837914899 0.9285714285690101
189 0.4012613980307464 0.2378322934686945 0 2 1 0.2378322934686945 0.4012613980307464
190 1.636654715990613 0.09373707174915623 0 2 1 0.09373707174915623 1.636654715990613
191 0.638381699518049 1.906105745893719 0 2 1 1.906105745893719 0.638381699518049
192 1.360629939651647 0.9055204901977776 0 2 1 0.9055204901977776 1.360629939651647
193 0.6123597168537616 0.2386454092429929 0 2 1 0.2386454092429929 0.6123597168537616
194 0.3591852333360136 1.906650617363848 0 2 1 1.906650617363848 0.3591852333360136
195 1.632885843547319 0.9051372814312728 0 2 1 0.9051372814312728 1.632885843547319
196 1.358531474593454 0.0904184578008774 0 2 1 0.0904184578008774 1.358531474593454
197 1.101992822890616 0.8964543429144145 0 2 1 0.8964543429144145 1.101992822890616
198 0.8954213132045974 1.895421313204703 0 2 1 1.895421313204703 0.8954213132045974
199 0.1045786867959895 1.89542131320401 0 2 1 1.89542131320401 0.1045786867959895
200 1.895421313204207 0.8954213132041055 0 2 1 0.8954213132041055 1.895421313204207
201 0.1045103273032402 0.1045103273034762 0 2 1 0.1045103273034762 0.1045103273032402
202 1.895979424209316 0.1040205757905066 0 2 1 0.1040205757905066 1.895979424209316
203 0.9946706955840605 0.1874011163464102 0 2 1 0.1874011163464102 0.9946706955840605
$EndParametricNodes
$Elements
410
1 15 2 0 1 1
2 15 2 0 2 2
3 15 2 0 3 3
4 15 2 0 4 4
5 15 2 0 5 5
6 15 2 0 6 6
7 1 2 0 1 1 7
8 1 2 0 1 7 8
9 1 2 0 1 8 9
10 1 2 0 1 9 10
11 1 2 0 1 10 11
12 1 2 0 1 11 12
13 1 2 0 1 12 13
14 1 2 0 1 13 14
15 1 2 0 1 14 15
16 1 2 0 1 15 16
17 1 2 0 1 16 17
18 1 2 0 1 17 18
19 1 2 0 1 18 19
20 1 2 0 1 19 2
21 1 2 0 2 2 20
22 1 2 0 2 20 21
23 1 2 0 2 21 22
24 1 2 0 2 22 23
25 1 2 0 2 23 24
26 1 2 0 2 24 25
27 1 2 0 2 25 3
28 1 2 0 3 3 26
29 1 2 0 3 26 27
30 1 2 0 3 27 28
31 1 2 0 3 28 29
32 1 2 0 3 29 30
33 1 2 0 3 30 31
34 1 2 0 3 31 4
35 1 2 0 4 4 32
36 1 2 0 4 32 33
37 1 2 0 4 33 34
38 1 2 0 4 34 35
39 1 2 0 4 35 36
40 1 2 0 4 36 37
41 1 2 0 4 37 5
42 1 2 0 5 5 38
43 1 2 0 5 38 39
44 1 2 0 5 39 40
45 1 2 0 5 40 41
46 1 2 0 5 41 42
47 1 2 0 5 42 43
48 1 2 0 5 43 6
49 1 2 0 6 6 44
50 1 2 0 6 44 45
51 1 2 0 6 45 46
52 1 2 0 6 46 47
53 1 2 0 6 47 48
54 1 2 0 6 48 49
55 1 2 0 6 49 50
56 1 2 0 6 50 51
57 1 2 0 6 51 52
58 1 2 0 6 52 53
59 1 2 0 6 53 54
60 1 2 0 6 54 55
61 1 2 0 6 55 56
62 1 2 0 6 56 1
63 2 2 0 1 113 57 180
64 2 2 0 1 119 86 120
65 2 2 0 1 57 113 193
66 2 2 0 1 84 144 186
67 2 2 0 1 138 110 139
68 2 2 0 1 121 102 160
69 2 2 0 1 85 136 137
70 2 2 0 1 74 115 117
71 2 2 0 1 144 84 189
72 2 2 0 1 86 119 190
73 2 2 0 1 26 27 147
74 2 2 0 1 110 138 194
75 2 2 0 1 26 147 200
76 2 2 0 1 136 85 191
77 2 2 0 1 74 117 192
78 2 2 0 1 120 86 184
79 2 2 0 1 115 74 118
80 2 2 0 1 69 134 136
81 2 2 0 1 61 117 167
82 2 2 0 1 121 160 196
83 2 2 0 1 134 69 138
84 2 2 0 1 67 116 121
85 2 2 0 1 144 145 186
86 2 2 0 1 139 110 181
87 2 2 0 1 116 67 119
88 2 2 0 1 146 61 167
89 2 2 0 1 114 113 180
90 2 2 0 1 112 168 193
91 2 2 0 1 102 121 171
92 2 2 0 1 85 137 182
93 2 2 0 1 121 116 171
94 2 2 0 1 96 183 185
95 2 2 0 1 76 122 124
96 2 2 0 1 23 24 152
97 2 2 0 1 143 75 144
98 2 2 0 1 142 87 147
99 2 2 0 1 58 140 156
100 2 2 0 1 139 77 148
101 2 2 0 1 22 70 154
102 2 2 0 1 59 126 157
103 2 2 0 1 140 58 158
104 2 2 0 1 140 106 156
105 2 2 0 1 48 49 155
106 2 2 0 1 46 47 151
107 2 2 0 1 53 54 150
108 2 2 0 1 107 109 153
109 2 2 0 1 50 51 149
110 2 2 0 1 168 112 189
111 2 2 0 1 55 56 145
112 2 2 0 1 144 75 145
113 2 2 0 1 154 120 184
114 2 2 0 1 75 55 145
115 2 2 0 1 133 134 138
116 2 2 0 1 21 22 154
117 2 2 0 1 77 139 181
118 2 2 0 1 122 76 149
119 2 2 0 1 126 59 155
120 2 2 0 1 148 77 151
121 2 2 0 1 70 141 153
122 2 2 0 1 75 143 150
123 2 2 0 1 76 124 155
124 2 2 0 1 141 70 152
125 2 2 0 1 70 23 152
126 2 2 0 1 24 87 152
127 2 2 0 1 87 142 152
128 2 2 0 1 106 149 156
129 2 2 0 1 70 153 154
130 2 2 0 1 58 150 158
131 2 2 0 1 151 59 157
132 2 2 0 1 59 48 155
133 2 2 0 1 76 50 149
134 2 2 0 1 49 76 155
135 2 2 0 1 47 59 151
136 2 2 0 1 54 75 150
137 2 2 0 1 77 46 151
138 2 2 0 1 58 53 150
139 2 2 0 1 109 120 153
140 2 2 0 1 141 107 153
141 2 2 0 1 149 51 156
142 2 2 0 1 160 102 187
143 2 2 0 1 133 138 139
144 2 2 0 1 168 57 193
145 2 2 0 1 183 118 185
146 2 2 0 1 147 87 200
147 2 2 0 1 133 139 148
148 2 2 0 1 69 136 191
149 2 2 0 1 117 61 192
150 2 2 0 1 106 122 149
151 2 2 0 1 124 126 155
152 2 2 0 1 127 130 157
153 2 2 0 1 158 88 173
154 2 2 0 1 153 120 154
155 2 2 0 1 52 58 156
156 2 2 0 1 51 52 156
157 2 2 0 1 148 151 157
158 2 2 0 1 150 143 158
159 2 2 0 1 130 148 157
160 2 2 0 1 126 127 157
161 2 2 0 1 140 158 173
162 2 2 0 1 143 88 158
163 2 2 0 1 115 118 183
164 2 2 0 1 64 175 178
165 2 2 0 1 164 132 165
166 2 2 0 1 161 165 177
167 2 2 0 1 132 164 174
168 2 2 0 1 163 164 165
169 2 2 0 1 71 73 159
170 2 2 0 1 159 73 176
171 2 2 0 1 165 132 177
172 2 2 0 1 175 137 178
173 2 2 0 1 78 71 159
174 2 2 0 1 122 90 123
175 2 2 0 1 73 161 177
176 2 2 0 1 162 33 163
177 2 2 0 1 34 64 163
178 2 2 0 1 106 90 122
179 2 2 0 1 176 73 177
180 2 2 0 1 162 163 165
181 2 2 0 1 32 33 162
182 2 2 0 1 13 14 60
183 2 2 0 1 163 64 164
184 2 2 0 1 42 43 110
185 2 2 0 1 122 123 124
186 2 2 0 1 90 78 159
187 2 2 0 1 33 34 163
188 2 2 0 1 66 72 169
189 2 2 0 1 63 62 65
190 2 2 0 1 40 41 69
191 2 2 0 1 89 78 90
192 2 2 0 1 54 55 75
193 2 2 0 1 83 111 112
194 2 2 0 1 130 133 148
195 2 2 0 1 18 19 86
196 2 2 0 1 63 65 66
197 2 2 0 1 62 32 162
198 2 2 0 1 124 125 126
199 2 2 0 1 80 81 82
200 2 2 0 1 113 92 166
201 2 2 0 1 4 62 63
202 2 2 0 1 124 123 125
203 2 2 0 1 52 53 58
204 2 2 0 1 72 80 169
205 2 2 0 1 68 66 169
206 2 2 0 1 109 119 120
207 2 2 0 1 91 93 172
208 2 2 0 1 80 82 91
209 2 2 0 1 4 32 62
210 2 2 0 1 34 35 64
211 2 2 0 1 71 65 73
212 2 2 0 1 24 25 87
213 2 2 0 1 92 82 166
214 2 2 0 1 73 65 161
215 2 2 0 1 72 79 80
216 2 2 0 1 94 92 113
217 2 2 0 1 83 112 166
218 2 2 0 1 65 62 161
219 2 2 0 1 161 162 165
220 2 2 0 1 16 17 67
221 2 2 0 1 100 103 115
222 2 2 0 1 91 82 92
223 2 2 0 1 30 31 74
224 2 2 0 1 123 90 159
225 2 2 0 1 115 103 117
226 2 2 0 1 22 23 70
227 2 2 0 1 146 142 147
228 2 2 0 1 82 83 166
229 2 2 0 1 127 129 130
230 2 2 0 1 100 101 103
231 2 2 0 1 82 81 83
232 2 2 0 1 103 101 104
233 2 2 0 1 169 91 172
234 2 2 0 1 108 146 167
235 2 2 0 1 94 113 114
236 2 2 0 1 80 79 81
237 2 2 0 1 89 90 106
238 2 2 0 1 66 65 71
239 2 2 0 1 63 66 68
240 2 2 0 1 104 107 108
241 2 2 0 1 28 29 61
242 2 2 0 1 103 104 167
243 2 2 0 1 108 107 141
244 2 2 0 1 108 142 146
245 2 2 0 1 161 62 162
246 2 2 0 1 117 103 167
247 2 2 0 1 136 135 137
248 2 2 0 1 14 15 160
249 2 2 0 1 104 108 167
250 2 2 0 1 104 105 107
251 2 2 0 1 83 88 111
252 2 2 0 1 10 11 57
253 2 2 0 1 134 135 136
254 2 2 0 1 80 91 169
255 2 2 0 1 100 99 101
256 2 2 0 1 107 105 109
257 2 2 0 1 126 125 127
258 2 2 0 1 91 92 93
259 2 2 0 1 93 96 172
260 2 2 0 1 9 10 168
261 2 2 0 1 97 99 100
262 2 2 0 1 142 141 152
263 2 2 0 1 93 95 96
264 2 2 0 1 93 92 94
265 2 2 0 1 164 64 178
266 2 2 0 1 111 143 144
267 2 2 0 1 49 50 76
268 2 2 0 1 104 101 105
269 2 2 0 1 96 95 97
270 2 2 0 1 8 9 84
271 2 2 0 1 108 141 142
272 2 2 0 1 97 95 98
273 2 2 0 1 101 99 171
274 2 2 0 1 109 116 119
275 2 2 0 1 134 131 135
276 2 2 0 1 47 48 59
277 2 2 0 1 10 57 168
278 2 2 0 1 66 71 72
279 2 2 0 1 130 129 131
280 2 2 0 1 93 94 95
281 2 2 0 1 97 98 99
282 2 2 0 1 94 114 170
283 2 2 0 1 109 105 116
284 2 2 0 1 35 36 175
285 2 2 0 1 84 9 168
286 2 2 0 1 98 95 170
287 2 2 0 1 72 78 79
288 2 2 0 1 95 94 170
289 2 2 0 1 45 46 77
290 2 2 0 1 105 101 171
291 2 2 0 1 60 14 160
292 2 2 0 1 127 128 129
293 2 2 0 1 99 98 102
294 2 2 0 1 129 128 132
295 2 2 0 1 68 169 172
296 2 2 0 1 130 131 133
297 2 2 0 1 133 131 134
298 2 2 0 1 99 102 171
299 2 2 0 1 127 125 128
300 2 2 0 1 83 81 88
301 2 2 0 1 72 71 78
302 2 2 0 1 111 88 143
303 2 2 0 1 79 78 89
304 2 2 0 1 116 105 171
305 2 2 0 1 64 35 175
306 2 2 0 1 131 129 174
307 2 2 0 1 129 132 174
308 2 2 0 1 89 140 173
309 2 2 0 1 135 131 174
310 2 2 0 1 81 79 173
311 2 2 0 1 132 128 177
312 2 2 0 1 79 89 173
313 2 2 0 1 89 106 140
314 2 2 0 1 123 159 176
315 2 2 0 1 125 123 176
316 2 2 0 1 88 81 173
317 2 2 0 1 38 39 85
318 2 2 0 1 128 125 176
319 2 2 0 1 128 176 177
320 2 2 0 1 174 164 178
321 2 2 0 1 135 174 178
322 2 2 0 1 137 135 178
323 2 2 0 1 63 68 179
324 2 2 0 1 4 63 179
325 2 2 0 1 84 168 189
326 2 2 0 1 137 175 182
327 2 2 0 1 44 45 181
328 2 2 0 1 11 12 180
329 2 2 0 1 36 37 182
330 2 2 0 1 100 115 183
331 2 2 0 1 96 97 183
332 2 2 0 1 180 12 188
333 2 2 0 1 179 68 185
334 2 2 0 1 118 179 185
335 2 2 0 1 172 96 185
336 2 2 0 1 7 8 186
337 2 2 0 1 119 67 190
338 2 2 0 1 138 69 194
339 2 2 0 1 67 121 196
340 2 2 0 1 114 180 188
341 2 2 0 1 57 11 180
342 2 2 0 1 45 77 181
343 2 2 0 1 175 36 182
344 2 2 0 1 97 100 183
345 2 2 0 1 98 170 187
346 2 2 0 1 21 154 184
347 2 2 0 1 13 60 188
348 2 2 0 1 20 21 184
349 2 2 0 1 187 170 203
350 2 2 0 1 111 144 189
351 2 2 0 1 18 86 190
352 2 2 0 1 67 17 190
353 2 2 0 1 40 69 191
354 2 2 0 1 85 39 191
355 2 2 0 1 30 74 192
356 2 2 0 1 61 29 192
357 2 2 0 1 113 166 193
358 2 2 0 1 42 110 194
359 2 2 0 1 69 41 194
360 2 2 0 1 68 172 185
361 2 2 0 1 160 15 196
362 2 2 0 1 16 67 196
363 2 2 0 1 31 4 197
364 2 2 0 1 5 38 198
365 2 2 0 1 6 44 199
366 2 2 0 1 25 3 200
367 2 2 0 1 3 26 200
368 2 2 0 1 43 6 199
369 2 2 0 1 37 5 198
370 2 2 0 1 56 1 201
371 2 2 0 1 1 7 201
372 2 2 0 1 8 84 186
373 2 2 0 1 61 146 195
374 2 2 0 1 2 20 202
375 2 2 0 1 19 2 202
376 2 2 0 1 4 179 197
377 2 2 0 1 60 160 187
378 2 2 0 1 28 61 195
379 2 2 0 1 60 187 203
380 2 2 0 1 102 98 187
381 2 2 0 1 118 74 197
382 2 2 0 1 147 27 195
383 2 2 0 1 12 13 188
384 2 2 0 1 27 28 195
385 2 2 0 1 145 56 201
386 2 2 0 1 112 111 189
387 2 2 0 1 17 18 190
388 2 2 0 1 39 40 191
389 2 2 0 1 29 30 192
390 2 2 0 1 166 112 193
391 2 2 0 1 41 42 194
392 2 2 0 1 7 186 201
393 2 2 0 1 179 118 197
394 2 2 0 1 146 147 195
395 2 2 0 1 182 37 198
396 2 2 0 1 44 181 199
397 2 2 0 1 15 16 196
398 2 2 0 1 86 19 202
399 2 2 0 1 74 31 197
400 2 2 0 1 110 43 199
401 2 2 0 1 87 25 200
402 2 2 0 1 38 85 198
403 2 2 0 1 188 60 203
404 2 2 0 1 170 114 203
405 2 2 0 1 85 182 198
406 2 2 0 1 181 110 199
407 2 2 0 1 186 145 201
408 2 2 0 1 184 86 202
409 2 2 0 1 20 184 202
410 2 2 0 1 114 188 203
$EndElements
